:Product: Daily Geomagnetic Data          DGD.txt
:Issued: 1830 UT 23 Aug 2026
#
#  Prepared by the U.S. Dept. of Commerce, NOAA, Space Weather Prediction Center
#  Please send comment and suggestions to SWPC.Webmaster@noaa.gov
#
#               Last 30 Days Daily Geomagnetic Data
#
#
#                Middle Latitude        High Latitude            Estimated
#              - Fredericksburg -     ---- College ----      --- Planetary ---
#  Date        A     K-indices        A     K-indices        A     K-indices
2026 07 25     6  1 0 1 3 2 2 1 2     6  1 1 1 3 2 2 1 1     5   1.00  0.67  1.00  2.00  1.33  2.00  2.00  1.67
2026 07 26     8  2 2 1 3 3 1 2 1     7  2 3 2 3 1 1 0 1     6   1.67  2.00  2.00  2.00  2.00  0.67  0.67  1.33
2026 07 27     7  1 1 2 1 3 2 2 2     3  1 1 1 1 0 1 1 2     7   1.67  1.00  2.00  1.33  1.67  2.00  1.67  3.00
2026 07 28    10  2 1 2 3 3 2 2 3     5  1 2 2 1 1 1 2 2     8   2.33  1.33  1.67  2.33  2.33  2.00  2.00  3.00
2026 07 29     6  2 2 1 2 2 2 2 0     4  2 2 1 2 0 1 1 0     5   2.00  2.00  1.33  1.67  1.00  1.00  1.33  0.67
2026 07 30     8  1 1 0 3 3 3 2 1     4  1 0 0 2 3 1 0 0     5   1.00  1.33  0.67  2.00  1.67  1.67  1.33  1.00
2026 07 31     7  1 1 2 3 3 2 2 0     3  1 1 0 1 2 2 0 0     5   1.33  1.00  1.33  1.67  2.00  1.33  1.00  1.00
2026 08 01     5  1 1 1 2 2 2 1 1     3  0 0 1 1 2 1 1 1     4   1.00  1.00  1.33  0.67  1.33  1.00  0.67  1.00
2026 08 02    15  1 1 1 2 4 5 4 1    28  0 0 0 1 5 7 4 2    17   1.00  1.00  1.00  1.00  3.67  5.67  4.00  2.00
2026 08 03    17  4 4 2 3 3 3 3 3    28  4 4 4 5 5 3 3 3    19   4.33  4.00  2.67  3.33  3.33  1.67  2.67  4.00
2026 08 04    11  4 3 3 2 2 1 2 1    14  4 4 3 4 1 1 1 1    10   4.00  3.00  3.00  2.33  1.33  0.67  1.00  1.00
2026 08 05     3  1 0 1 1 1 2 1 1     2  1 1 1 0 0 0 0 1     3   0.67  0.67  1.33  0.33  0.33  0.67  0.67  1.33
2026 08 06     5  1 2 1 2 2 2 1 0     1  1 1 0 0 0 0 0 0     3   1.33  1.33  0.67  0.67  0.33  0.67  0.33  0.33
2026 08 07     5  0 0 2 2 2 2 2 1     3  0 0 2 1 3 0 0 0     4   0.33  0.33  1.67  1.00  1.67  0.67  0.33  0.67
2026 08 08    13  1 1 3 3 4 3 3 2    33  0 2 2 6 6 5 4 3    27   0.67  1.67  2.33  4.33  5.33  3.67  5.67  3.67
2026 08 09     9  3 2 1 3 2 2 2 2     8  3 2 2 3 1 1 1 2     7   2.67  2.33  1.67  2.33  1.33  1.33  1.67  2.00
2026 08 10     5  1 0 2 2 3 0 1 1     5  2 1 1 4 0 0 0 1     5   1.67  1.00  1.67  2.00  1.33  0.33  0.33  1.67
2026 08 11     6  0 0 0 2 3 3 2 1     5  0 0 0 1 2 4 1 1     7   1.00  0.67  1.00  2.00  2.67  3.33  1.67  1.33
2026 08 12     8  1 3 2 3 2-1-1 1    15  2 4 3 4 3-1-1 0     8   1.67  2.67  2.00  2.33  2.00  1.33  2.67  1.00
2026 08 13     8  2 2 1 2 2 2 2 3     4  1 2 0 1 2 1 2 1     7   2.33  2.00  1.33  1.33  1.33  1.00  1.67  3.00
2026 08 14    12  3 3 2 3 4 2 2 1    22  2 4 4 5 4 4 2 2     9   2.67  2.33  2.67  2.67  2.33  1.67  2.00  1.33
2026 08 15     6  1 1 1 2 3 2 2 1     6  2 2 0 3 2 2 1 0     6   1.33  1.67  0.33  1.33  2.00  1.67  2.67  1.67
2026 08 16    -1  2 2 2-1-1-1-1-1    -1  1 1 4-1-1-1-1-1     4   1.33  1.67  2.00  1.67  0.33  0.00  0.67  1.00
2026 08 17    19 -1-1-1-1-1 3 4 3     7 -1-1-1-1-1 2 2 2    11   1.67  1.33  2.33  1.33  2.33  2.67  3.67  3.67
2026 08 18    20  4 5 3 2 3 2 4 3    31  5 6 5 3 2 2 3 4    25   4.00  5.00  3.33  2.33  2.33  1.67  5.33  4.00
2026 08 19    15  2 4 3 4 3 2 2 3    37  2 5 5 7 3 3 2 3    20   2.67  5.00  4.00  4.33  2.67  1.67  2.33  3.00
2026 08 20    11  2 2 2 3 3 2 3 3    18  3 2 2 2 5 5 2 2    11   2.67  2.00  2.00  2.00  3.33  2.00  3.33  2.67
2026 08 21     9  3 3 2 2 3 1 2 1     8  3 2 2 3 2 1 1 1     8   3.33  2.33  1.67  1.67  2.00  0.67  1.67  1.67
2026 08 22     5  1 0 1 2 3 1 2 1     3  1 1 0 2 1 1 1 0     4   1.33  0.67  0.67  1.33  1.33  1.00  1.00  0.67
2026 08 23    -1  0 2 2 2 3 0-1-1    -1  1 1 3 2 1 1-1-1     5   0.67  2.00  1.67  2.00  2.00  0.67 -1.00 -1.00
